0
0
0
0
0
0
0
0
0
0
0
0
0
0
0
0
1
2
3
4
5
6
5
7
5
5
8
5
5
5
5
9
10
11
12
13
5
5
14
5
15
5
5
16
17
18
19
5
20
2
5
5
5
8
5
5
21
22
23
24
5
5
8
5
5
18
25
5
5
26
5
27
5
5
28
8
5
29
5
5
8
18
25
8
30
8
8
31
5
5
5
8
32
5
33
29
4
8
5
7
5
8
5
34
5
14
5
5
1
22
7
8
32
5
35
5
5
5
36
37
4
5
5
25
4
5
38
39
35
39
10
8
16
5
36
8
10
5
40
9
5
4
8
8
5
5
5
5
4
5
27
20
8
8
14
5
32
8
8
5
15
18
8
5
8
5
41
5
5
5
15
8
5
5
42
5
5
5
5
5
8
5
34
5
5
14
5
8
5
8
5
8
11
43
2
8
8
44
45
46
5
5
5
21
5
47
5
5
5
5
39
5
48
49
39
5
21
46
5
16
5
50
45
5
5
5
44
8
25
5
5
5
5
29
34
8
39
36
5
5
39
8
5
5
27
8
45
5
41
11
5
5
4
5
16
47
5
8
5
3
30
5
5
3
5
17
8
5
5
41
5
5
39
49
23
5
5
5
41
5
41
5
43
5
36
5
23
49
48
5
10
5
5
5
0
29
5
5
8
44
5
38
27
8
8
5
5
5
30
51
5
52
22
5
53
54
5
5
5
8
5
8
5
55
5
8
4
11
16
8
35
45
30
30
40
5
8
5
56
39
5
57
39
8
5
30
8
5
5
5
5
5
5
25
11
6
5
18
8
8
3
22
54
39
8
1
14
5
11
5
8
5
8
5
38
5
5
5
5
46
45
53
47
1
8
8
5
5
5
8
8
5
5
8
58
45
8
4
5
5
3
8
5
36
5
5
8
5
5
5
5
5
19
1
5
5
45
5
30
39
56
5
5
39
38
8
8
59
5
7
5
5
1
46
35
5
49
5
20
8
5
58
5
5
5
5
30
5
39
5
4
5
8
43
28
8
5
8
5
8
8
5
5
45
5
5
5
5
5
5
5
13
8
15
8
8
4
5
33
5
5
31
49
5
3
1
8
5
52
16
5
9
5
36
43
4
23
5
5
5
5
5
5
5
5
10
13
5
5
8
45
42
4
49
5
5
39
44
5
5
5
5
5
8
8
48
49
8
44
5
16
5
5
5
5
5
8
5
5
5
5
5
5
5
5
5
8
49
58
39
24
5
5
2
46
38
5
10
38
5
28
41
10
5
9
5
5
33
20
5
5
6
52
5
5
39
5
8
39
5
5
39
9
52
5
5
5
5
39
5
14
22
39
38
5
5
8
5
9
5
8
39
12
5
5
5
48
5
8
5
31
8
5
46
50
5
10
8
5
49
5
5
2
24
15
5
5
8
5
55
15
5
20
8
5
38
47
23
39
5
5
11
5
5
39
5
5
39
60
5
5
5
37
5
29
5
5
45
4
8
54
5
5
50
5
8
28
8
48
5
8
5
5
8
5
37
60
11
39
29
41
35
47
5
8
5
48
5
4
5
16
5
8
5
39
8
5
39
5
33
59
23
39
5
5
9
40
5
5
5
14
5
56
5
39
5
23
34
4
5
40
37
47
33
5
58
5
5
5
5
16
14
15
5
48
30
8
5
39
5
5
5
8
39
5
37
5
13
5
24
60
5
5
5
8
5
41
32
5
43
16
7
5
40
48
5
5
39
46
8
39
5
5
5
5
5
8
4
32
5
21
4
5
4
5
5
5
8
8
5
37
8
5
8
5
5
8
50
5
49
34
23
5
8
5
8
13
5
5
15
13
5
39
5
19
5
8
23
5
43
5
5
5
43
53
58
5
47
8
43
44
8
55
28
39
8
5
19
38
57
48
8
39
5
5
8
5
54
8
8
5
5
5
5
5
1
5
5
5
39
5
60
5
5
5
7
5
25
5
5
5
52
5
45
5
5
5
8
30
5
17
43
5
8
5
8
8
5
8
8
5
5
3
16
5
51
4
5
5
7
5
8
8
8
5
5
56
45
5
5
30
8
8
5
39
58
5
56
52
2
4
5
8
5
61
5
23
8
8
5
8
5
5
8
5
10
5
19
5
26
5
5
5
20
13
7
5
29
9
5
5
5
5
8
33
5
40
39
49
8
52
5
5
8
24
5
5
5
4
4
8
54
8
5
9
59
38
18
39
8
23
3
10
8
5
5
32
41
44
5
5
5
8
5
30
9
8
60
8
46
13
4
39
39
32
30
39
5
5
8
14
5
58
8
8
29
3
5
42
22
5
4
5
8
5
10
51
5
5
8
20
38
5
8
5
59
8
5
18
55
5
8
11
5
5
8
8
5
20
4
5
5
5
5
13
5
5
8
5
25
5
5
5
5
61
8
5
32
5
39
5
46
5
5
5
5
8
5
5
20
5
45
5
38
8
5
10
39
5
5
5
8
17
5
8
5
5
60
3
8
8
3
47
39
62
8
28
5
54
5
8
5
7
5
8
8
5
35
5
5
5
58
5
5
5
8
5
57
8
41
3
62
5
8
38
24
41
5
12
37
19
5
5
5
39
19
5
39
51
46
8
5
56
5
5
5
39
5
7
5
5
8
5
8
5
5
2
35
4
57
5
5
47
5
5
8
20
5
39
5
5
4
40
8
36
39
5
5
5
5
34
3
32
5
14
5
3
12
62
8
61
5
39
5
8
25
25
5
7
5
8
8
43
5
58
39
39
8
59
5
5
5
5
41
5
9
46
16
4
29
17
58
58
5
58
5
60
5
60
5
8
5
8
34
5
5
5
5
46
5
5
5
5
58
34
5
39
8
5
5
35
16
5
44
5
3
8
58
28
5
5
5
58
50
5
5
14
5
4
9
5
5
5
5
16
8
8
44
41
39
39
5
5
8
5
21
5
5
5
8
5
5
56
34
5
36
5
39
31
5
5
5
5
5
55
5
5
55
5
5
5
42
5
8
48
50
56
55
15
14
8
5
15
5
5
5
5
5
8
5
32
19
8
5
5
5
5
46
5
50
8
8
7
61
8
5
8
5
60
48
8
10
5
62
32
5
56
33
5
5
25
5
5
39
4
5
48
5
5
5
5
7
29
5
13
5
39
5
23
34
5
5
9
26
55
17
5
43
5
5
10
5
8
39
5
39
5
5
5
52
39
5
5
23
8
5
36
44
39
8
5
8
55
39
5
5
5
39
5
22
55
5
22
8
44
5
12
5
5
49
49
5
9
8
5
5
5
60
43
39
5
45
8
1
46
54
5
5
8
5
50
5
56
23
37
5
5
28
37
5
4
17
8
19
5
5
32
44
5
37
5
5
37
30
42
5
5
19
5
5
8
5
4
51
8
5
18
8
5
26
58
4
5
29
8
5
5
33
4
8
18
5
5
39
39
34
15
5
29
37
8
5
5
14
9
8
5
39
33
39
31
4
8
8
8
5
9
5
8
40
37
5
57
8
5
57
8
8
5
5
8
5
5
28
5
5
