0
0
0
0
0
0
0
0
0
0
0
0
0
0
0
0
1
2
3
4
5
6
7
8
9
10
11
12
13
14
15
16
17
18
19
20
21
22
23
7
24
25
26
27
28
29
30
12
31
2
32
33
34
35
25
25
36
37
38
39
40
41
42
34
22
29
43
7
44
45
46
47
48
15
49
50
33
51
22
52
53
29
43
54
55
56
54
57
15
10
58
59
60
13
61
51
4
56
62
8
63
42
10
64
15
23
15
62
1
37
8
50
60
62
65
66
7
25
67
68
69
25
32
43
4
63
70
71
65
72
17
54
27
73
67
35
17
74
75
16
63
4
76
54
58
77
78
44
4
79
47
31
59
50
23
80
60
11
81
34
24
29
53
82
81
62
83
12
15
40
24
84
79
73
85
21
25
5
66
62
81
78
64
15
86
23
44
87
32
87
22
88
18
89
2
56
54
90
91
92
74
93
94
36
77
95
44
79
82
41
72
78
96
97
98
33
36
92
94
27
32
99
91
77
58
44
90
50
43
86
62
33
62
51
64
87
71
67
9
79
72
54
10
22
47
56
91
80
83
18
9
74
69
21
27
95
22
54
58
3
55
33
100
3
73
28
35
10
101
83
73
14
102
97
38
79
103
100
83
7
83
94
89
104
67
66
38
97
96
86
17
40
13
52
0
51
105
46
87
90
32
70
47
59
35
34
62
80
55
106
13
107
37
5
108
109
94
25
93
76
33
84
7
110
14
35
4
18
27
42
65
91
55
55
75
9
56
74
111
102
32
112
72
35
41
55
54
52
73
63
103
7
62
43
18
6
94
29
76
87
3
37
109
72
88
1
23
32
18
22
56
7
54
40
70
73
41
12
52
92
91
108
95
1
59
42
62
26
34
50
42
41
105
11
113
91
87
69
7
79
3
59
78
67
101
77
53
52
80
33
7
52
30
1
86
105
91
13
55
98
111
33
44
98
70
114
56
115
62
8
40
58
1
92
65
52
97
58
31
42
9
113
100
62
94
5
55
7
102
100
69
94
88
89
49
59
86
87
52
76
35
62
46
91
73
44
63
9
66
101
5
20
59
24
114
53
69
52
61
46
105
57
97
7
3
1
54
73
107
27
86
16
14
67
89
69
38
7
22
48
74
62
80
5
40
17
20
34
100
50
91
85
69
97
82
80
98
90
25
40
79
66
80
114
84
96
97
81
90
10
27
32
26
100
66
73
87
62
26
7
21
21
105
7
25
14
59
97
113
72
39
5
100
2
92
70
66
17
70
66
49
83
17
63
16
44
103
61
31
21
21
6
107
48
73
98
7
53
102
104
7
98
16
107
41
14
13
94
71
93
23
37
72
70
9
41
50
93
16
10
59
98
19
77
73
25
96
66
54
100
57
59
44
92
99
44
17
11
77
97
13
13
2
39
24
66
93
54
103
110
24
103
31
88
32
70
95
38
71
33
44
18
74
77
98
14
101
72
116
48
73
94
68
25
51
78
48
91
69
50
109
74
44
99
82
50
49
84
96
63
114
58
93
76
21
68
116
18
102
51
83
65
95
93
87
86
96
10
69
82
27
73
50
73
71
81
101
102
63
61
115
38
98
46
14
16
75
74
9
22
23
80
111
41
98
5
38
64
69
40
75
68
95
61
7
113
94
22
41
10
27
23
24
32
96
55
11
104
72
32
82
14
50
71
52
68
63
20
52
39
116
52
73
10
84
103
83
60
25
89
27
8
33
75
96
22
101
72
92
35
72
34
62
12
74
58
114
4
60
7
36
4
101
69
34
9
62
76
84
5
68
50
7
42
34
40
114
99
62
97
64
38
77
81
7
53
20
13
86
24
20
104
102
14
30
13
50
38
62
89
103
62
12
89
108
113
93
95
56
89
90
59
110
49
72
53
86
30
70
112
96
76
98
21
22
54
33
109
35
114
58
80
58
25
10
1
9
22
103
72
78
116
48
105
100
8
63
43
101
74
94
107
12
91
104
48
86
59
55
21
28
89
14
88
104
88
114
86
42
84
66
79
3
27
9
106
4
32
58
8
9
50
114
35
41
62
111
91
62
78
55
114
114
22
98
113
94
111
107
2
69
80
42
62
117
100
38
114
84
10
59
40
25
84
14
17
34
30
52
45
101
7
105
31
20
8
40
51
16
21
58
100
13
54
61
58
75
72
97
42
107
32
33
81
39
46
105
41
69
4
53
109
88
66
16
115
70
29
72
53
38
3
17
84
25
44
60
83
90
5
100
40
50
74
55
16
81
116
56
92
20
69
98
71
60
55
102
33
9
76
23
94
113
11
59
51
3
93
85
37
26
4
58
87
48
17
106
15
58
84
31
70
73
35
13
115
11
9
29
110
10
50
18
52
48
114
88
100
31
4
21
22
105
26
20
41
82
11
10
43
12
94
79
78
117
56
22
60
22
102
63
92
33
44
62
94
56
52
26
31
12
91
5
70
76
86
17
71
58
40
22
56
28
32
81
9
14
116
3
50
59
3
95
98
118
56
49
80
109
66
50
52
8
86
54
114
78
65
40
66
25
113
62
105
74
114
22
112
42
83
3
118
73
88
70
39
83
66
19
68
30
10
104
40
98
30
34
98
106
92
76
79
111
12
40
25
71
93
8
73
9
53
14
87
5
40
2
65
69
112
63
93
95
25
14
56
31
22
71
63
22
69
75
50
67
72
25
25
62
66
64
3
60
105
23
79
3
19
118
35
117
25
102
62
81
43
43
58
8
10
53
114
89
34
113
72
102
114
115
101
15
33
46
83
103
16
92
27
4
51
28
113
113
78
113
86
116
32
116
104
87
44
53
64
94
48
79
66
92
44
34
44
9
113
64
34
102
11
12
48
65
27
44
90
94
3
53
113
49
77
48
12
113
99
101
94
23
103
4
16
58
62
10
9
27
114
11
90
83
71
71
73
46
76
12
36
5
77
58
84
77
15
111
64
15
67
48
72
57
48
78
15
34
46
110
48
26
110
22
40
66
85
63
84
96
99
111
110
24
23
56
101
24
77
32
104
93
32
76
34
60
30
81
12
40
15
44
92
82
99
81
56
8
117
54
77
50
101
116
96
54
17
44
118
60
100
111
61
40
33
43
103
48
102
69
14
96
13
58
44
74
8
51
14
20
32
72
104
38
64
32
105
16
45
110
28
5
89
74
74
17
21
54
71
58
72
52
14
94
107
72
73
5
38
54
78
67
90
98
59
22
76
110
71
32
26
10
71
80
37
110
14
37
11
90
10
19
52
105
97
97
14
16
59
58
40
52
116
89
102
63
91
56
1
92
109
66
80
87
41
99
34
111
38
68
100
104
49
68
77
69
28
84
30
40
32
60
90
34
68
7
15
68
55
85
73
105
30
58
40
54
63
69
106
76
77
29
11
7
45
113
69
5
51
87
52
32
61
4
87
29
79
100
102
72
64
24
25
51
68
59
86
32
23
16
54
66
72
61
71
57
69
81
42
81
104
16
104
87
75
68
100
112
88
63
112
87
53
22
101
88
14
44
49
63
78
