0.941176
0.000000
0.000000
0.066667
0.000000
0.000000
0.000000
0.000000
0.000000
0.250000
0.214286
0.000000
0.000000
0.400000
0.153846
0.090909
0.071429
0.000000
0.000000
0.300000
0.000000
0.000000
0.000000
0.000000
0.000000
0.200000
0.000000
0.000000
0.000000
0.416667
0.142857
0.000000
0.166667
0.000000
0.090909
0.000000
0.000000
0.153846
0.000000
0.000000
0.000000
0.230769
0.000000
0.333333
0.333333
0.214286
0.142857
0.000000
0.000000
0.000000
0.000000
0.000000
0.000000
0.000000
0.000000
0.100000
0.500000
0.000000
0.500000
0.000000
0.200000
0.000000
0.000000
